798233011
753308238
844431486
343262622
389435215
445330103
702028234
429955297
668502966
443918776
918857020
539527556
345006027
310591649
524335262
998823504
502010564
425050556
490752805
622028777
479076838
904415379
800716953
804544674
402490866
893573535
311305650
817518244
318083110
515099562
311315329
351705298
891678971
352739411
794018994
422036905
443617725
348991555
480557149
351164488
829380120
437807795
820365161
790858294
902716695
882195282
812984995
897844460
572149169
382401867
853300010
824360168
837894765
398979310
085480069
752526178
310071758
840757587
399315613
513637918
794759001
418422820
491498291
403259138
515099562
515099562
405395518
578504102
325820751
951277102
978550630